OK 0 1461 0 OK 0 0 
OK 0 1443 0 OK 0 0 
OK 0 1448 0 OK 0 0 
OK 0 1442 0 OK 0 0 
OK 0 1453 0 OK 0 0 
OK 0 1445 0 OK 0 0 
OK 0 1437 0 OK 0 0 
OK 0 1436 0 OK 0 0 
OK 0 1458 0 OK 0 0 
OK 0 1445 0 OK 0 0 
OK 0 1447 0 OK 0 0 
OK 0 1443 0 OK 0 0 
OK 0 1446 0 OK 0 0 
OK 0 1449 0 OK 0 0 
OK 0 1459 0 OK 0 0 
OK 0 1458 0 OK 0 0 
OK 0 1449 0 OK 0 0 
OK 0 1433 0 OK 0 0 
OK 0 1457 0 OK 0 0 
OK 0 1449 0 OK 0 0 
OK 0 1449 0 OK 0 0 
OK 0 1440 0 OK 0 0 
OK 0 1456 0 OK 0 0 
OK 0 1443 0 OK 0 0 
OK 0 1440 0 OK 0 0 
OK 0 1455 0 OK 0 0 
OK 0 1449 0 OK 0 0 
OK 0 1457 0 OK 0 0 
OK 0 1448 0 OK 0 0 
OK 0 1453 0 OK 0 0 
OK 0 1444 0 OK 0 0 
OK 0 1451 0 OK 0 0 
OK 0 1439 0 OK 0 0 
OK 0 1445 0 OK 0 0 
OK 0 1450 0 OK 0 0 
OK 0 1450 0 OK 0 0 
OK 0 1441 0 OK 0 0 
OK 0 1450 0 OK 0 0 
OK 0 1449 0 OK 0 0 
OK 0 1445 0 OK 0 0 
OK 0 1455 0 OK 0 0 
OK 0 1459 0 OK 0 0 
OK 0 1442 0 OK 0 0 
OK 0 1452 0 OK 0 0 
OK 0 1441 0 OK 0 0 
OK 0 1443 0 OK 0 0 
OK 0 1437 0 OK 0 0 
OK 0 1447 0 OK 0 0 
OK 0 1450 0 OK 0 0 
OK 0 1454 0 OK 0 0 
OK 0 1448 0 OK 0 0 
OK 0 1440 0 OK 0 0 
OK 0 1448 0 OK 0 0 
OK 0 1440 0 OK 0 0 
OK 0 1439 0 OK 0 0 
OK 0 1437 0 OK 0 0 
OK 0 1444 0 OK 0 0 
OK 0 1454 0 OK 0 0 
OK 0 1448 0 OK 0 0 
OK 0 1456 0 OK 0 0 
OK 0 1458 0 OK 0 0 
OK 0 1448 0 OK 0 0 
OK 0 1455 0 OK 0 0 
OK 0 1443 0 OK 0 0 
OK 0 1446 0 OK 0 0 
OK 0 1441 0 OK 0 0 
OK 0 1443 0 OK 0 0 
OK 0 1445 0 OK 0 0 
OK 0 1438 0 OK 0 0 
OK 0 1449 0 OK 0 0 
OK 0 1449 0 OK 0 0 
OK 0 1440 0 OK 0 0 
OK 0 1449 0 OK 0 0 
OK 0 1458 0 OK 0 0 
OK 0 1449 0 OK 0 0 
OK 0 1456 0 OK 0 0 
OK 0 1454 0 OK 0 0 
OK 0 1435 0 OK 0 0 
OK 0 1444 0 OK 0 0 
OK 0 1437 0 OK 0 0 
OK 0 1439 0 OK 0 0 
OK 0 1448 0 OK 0 0 
OK 0 1445 0 OK 0 0 
OK 0 1450 0 OK 0 0 
OK 0 1461 0 OK 0 0 
OK 0 1447 0 OK 0 0 
OK 0 1451 0 OK 0 0 
OK 0 1449 0 OK 0 0 
OK 0 1449 0 OK 0 0 
OK 0 1444 0 OK 0 0 
OK 0 1439 0 OK 0 0 
OK 0 1448 0 OK 0 0 
OK 0 1444 0 OK 0 0 
OK 0 1446 0 OK 0 0 
OK 0 1452 0 OK 0 0 
OK 0 1448 0 OK 0 0 
OK 0 1446 0 OK 0 0 
OK 0 1450 0 OK 0 0 
OK 0 1449 0 OK 0 0 
OK 0 1436 0 OK 0 0 
OK 0 1447 0 OK 0 0 
OK 0 1436 0 OK 0 0 
OK 0 1442 0 OK 0 0 
OK 0 1437 0 OK 0 0 
OK 0 1440 0 OK 0 0 
OK 0 1446 0 OK 0 0 
OK 0 1452 0 OK 0 0 
OK 0 1450 0 OK 0 0 
OK 0 1445 0 OK 0 0 
OK 0 1450 0 OK 0 0 
OK 0 1454 0 OK 0 0 
OK 0 1454 0 OK 0 0 
OK 0 1444 0 OK 0 0 
OK 0 1440 0 OK 0 0 
OK 0 1444 0 OK 0 0 
OK 0 1438 0 OK 0 0 
OK 0 1436 0 OK 0 0 
OK 0 1456 0 OK 0 0 
OK 0 1442 0 OK 0 0 
OK 0 1442 0 OK 0 0 
OK 0 1450 0 OK 0 0 
OK 0 1443 0 OK 0 0 
OK 0 1447 0 OK 0 0 
OK 0 1449 0 OK 0 0 
OK 0 1446 0 OK 0 0 
OK 0 1449 0 OK 0 0 
OK 0 1447 0 OK 0 0 
OK 0 1438 0 OK 0 0 
OK 0 1453 0 OK 0 0 
OK 0 1446 0 OK 0 0 
OK 0 1442 0 OK 0 0 
OK 0 1441 0 OK 0 0 
OK 0 1448 0 OK 0 0 
OK 0 1445 0 OK 0 0 
OK 0 1446 0 OK 0 0 
OK 0 1447 0 OK 0 0 
OK 0 1437 0 OK 0 0 
OK 0 1448 0 OK 0 0 
OK 0 1450 0 OK 0 0 
OK 0 1440 0 OK 0 0 
OK 0 1444 0 OK 0 0 
OK 0 1445 0 OK 0 0 
OK 0 1439 0 OK 0 0 
OK 0 1441 0 OK 0 0 
OK 0 1450 0 OK 0 0 
OK 0 1450 0 OK 0 0 
OK 0 1441 0 OK 0 0 
OK 0 1449 0 OK 0 0 
OK 0 1449 0 OK 0 0 
OK 0 1439 0 OK 0 0 
OK 0 1448 0 OK 0 0 
OK 0 1443 0 OK 0 0 
OK 0 1450 0 OK 0 0 
OK 0 1446 0 OK 0 0 
OK 0 1449 0 OK 0 0 
OK 0 1443 0 OK 0 0 
OK 0 1449 0 OK 0 0 
OK 0 1448 0 OK 0 0 
OK 0 1441 0 OK 0 0 
OK 0 1445 0 OK 0 0 
OK 0 1438 0 OK 0 0 
OK 0 1440 0 OK 0 0 
OK 0 1449 0 OK 0 0 
OK 0 1441 0 OK 0 0 
OK 0 1443 0 OK 0 0 
OK 0 1442 0 OK 0 0 
OK 0 1449 0 OK 0 0 
OK 0 1443 0 OK 0 0 
OK 0 1448 0 OK 0 0 
OK 0 1445 0 OK 0 0 
OK 0 1452 0 OK 0 0 
OK 0 1444 0 OK 0 0 
 0 1444 0 OK 0 0 
 0 1444 0 OK 0 0 
 0 1444 0 OK 0 0 
OK 0 1951 0 OK 200 200 
OK 0 1943 0 OK 200 200 
OK 0 1971 0 OK 200 200 
OK 0 2039 0 OK 200 200 
OK 0 2023 0 OK 200 200 
OK 0 2144 0 OK 200 200 
OK 0 2286 0 OK 200 200 
OK 0 2498 0 OK 200 200 
OK 0 2704 1 OK 200 200 
OK 0 3020 1 OK 213 200 
OK 0 3338 1 OK 213 200 
OK 0 3770 1 OK 217 200 
OK 0 4195 1 OK 217 200 
OK 0 4796 1 OK 222 200 
OK 0 5249 1 OK 220 200 
OK 0 5840 1 OK 224 200 
OK 0 6390 1 OK 225 200 
OK 0 6890 1 OK 225 200 
OK 0 7642 1 OK 232 200 
OK 0 8072 1 OK 226 200 
OK 0 8732 1 OK 232 200 
OK 0 9054 1 OK 226 200 
OK 0 9323 1 OK 226 200 
OK 0 9521 1 OK 225 200 
OK 0 9512 1 OK 221 200 
OK 0 9727 1 OK 226 200 
OK 0 9576 1 OK 218 200 
OK 0 9532 1 OK 220 200 
OK 0 9294 1 OK 216 200 
OK 0 9108 1 OK 216 200 
OK 0 8575 1 OK 208 200 
OK 0 8244 1 OK 211 200 
OK 0 7588 1 OK 203 200 
OK 0 7436 1 OK 213 200 9 
OK 0 6919 1 OK 205 200 
OK 0 6556 1 OK 207 200 
OK 0 6163 1 OK 206 200 
OK 0 5978 1 OK 209 200 
OK 0 5645 1 OK 206 200 
OK 0 5487 1 OK 209 200 
OK 0 5256 1 OK 207 200 
OK 0 5171 1 OK 209 200 
OK 0 5004 1 OK 207 200 
OK 0 4894 1 OK 208 200 
OK 0 4756 1 OK 207 200 
OK 0 4594 1 OK 207 200 
OK 0 4533 1 OK 208 200 
OK 0 4364 1 OK 206 200 
OK 0 4470 1 OK 212 200 
OK 0 4270 1 OK 205 200 
OK 0 4249 1 OK 209 200 
OK 0 4149 1 OK 207 200 
OK 0 4028 1 OK 206 200 
OK 0 3985 1 OK 208 200 
OK 0 3836 1 OK 205 200 
OK 0 3892 1 OK 209 200 
OK 0 3930 1 OK 209 200 
OK 0 4058 1 OK 211 200 
OK 0 3878 1 OK 205 200 
OK 0 3978 1 OK 210 200 
OK 0 3721 1 OK 203 200 
OK 0 3804 1 OK 210 200 
OK 0 3589 1 OK 203 200 
OK 0 3509 1 OK 206 200 
OK 0 3373 1 OK 204 200 
OK 0 3228 1 OK 204 200 
OK 0 3222 1 OK 207 200 
OK 0 3219 1 OK 207 200 
OK 0 3088 1 OK 204 200 
OK 0 3159 1 OK 208 200 
OK 0 3081 1 OK 205 200 
OK 0 3116 0 OK 207 200 
OK 0 3062 0 OK 200 200 
OK 0 2961 0 OK 200 200 
OK 0 3091 0 OK 200 200 
OK 0 2964 0 OK 200 200 
OK 0 3036 0 OK 200 200 
OK 0 3072 0 OK 200 200 
OK 0 2984 0 OK 200 200 
OK 0 2918 0 OK 200 200 
OK 0 2870 0 OK 200 200 
OK 0 2866 0 OK 200 200 
OK 0 2869 0 OK 200 200 
OK 0 2778 0 OK 200 200 
OK 0 2793 0 OK 200 200 
OK 0 2782 0 OK 200 200 
OK 0 2810 0 OK 200 200 
OK 0 2634 0 OK 200 200 
OK 0 2702 0 OK 200 200 
OK 0 2498 0 OK 200 200 
OK 0 2599 0 OK 200 200 
OK 0 2434 0 OK 200 200 
OK 0 2457 0 OK 200 200 
OK 0 2360 0 OK 200 200 
OK 0 2302 0 OK 200 200 
OK 0 2307 0 OK 200 200 
OK 0 2332 0 OK 200 200 
OK 0 2274 0 OK 200 200 
OK 0 2358 0 OK 200 200 
OK 0 2288 0 OK 200 200 
OK 1 2370 1 OK 200 200 
OK 1 2356 1 OK 200 200 
OK 1 2225 1 OK 200 200 
OK 1 2298 1 OK 200 200 
OK 1 2178 1 OK 200 200 
OK 1 2242 1 OK 200 200 
OK 1 2253 1 OK 200 200 
OK 1 2174 1 OK 200 200 
OK 1 2136 1 OK 200 200 
OK 1 1952 1 OK 200 200 
OK 1 2168 1 OK 200 200 
OK 1 3337 1 OK 200 200 
OK 1 7836 1 OK 200 200 
OK 1 14950 1 OK 200 200 
OK 0 17199 1 OK 200 200 
OK 0 16962 0 OK 215 200 
OK 0 17089 0 OK 200 200 
OK 0 15531 0 OK 200 200 
OK 0 8986 0 OK 200 200 
OK 0 3981 0 OK 200 200 
OK 0 2405 0 OK 200 200 
OK 0 2089 0 OK 200 200 
OK 0 2056 0 OK 200 200 
OK 0 2185 0 OK 200 200 
OK 0 2197 1 OK 200 200 
OK 0 2285 1 OK 215 200 
OK 0 2431 1 OK 215 200 
OK 0 2488 1 OK 215 200 
OK 0 2608 1 OK 215 200 
OK 0 2733 1 OK 215 200 
OK 0 2850 1 OK 215 200 
OK 0 2961 1 OK 208 200 
OK 0 3012 1 OK 207 200 
OK 0 3069 1 OK 208 200 
OK 0 3235 1 OK 210 200 
OK 0 3098 1 OK 204 200 
OK 0 3058 1 OK 206 200 
OK 0 2960 1 OK 204 200 
OK 0 2943 1 OK 206 200 
OK 0 2888 1 OK 205 200 
OK 0 2807 1 OK 204 200 
OK 0 2795 1 OK 206 200 
OK 0 2852 1 OK 207 200 
OK 0 2746 1 OK 204 200 
OK 0 2788 1 OK 207 200 
OK 0 2761 1 OK 205 200 
OK 0 2745 1 OK 205 200 
OK 0 2742 1 OK 206 200 
OK 0 2686 1 OK 204 200 
OK 0 2640 1 OK 205 200 
OK 0 2532 1 OK 203 200 
OK 0 2471 1 OK 200 200 
OK 0 2405 1 OK 200 200 
OK 0 2397 1 OK 200 200 
OK 0 2281 1 OK 200 200 
OK 0 2327 1 OK 200 200 
OK 0 2366 1 OK 200 200 
OK 0 3177 1 OK 223 200 
OK 0 5120 1 OK 250 200 
OK 0 5422 1 OK 218 200 
OK 0 3568 1 OK 170 200 
OK 0 2488 1 OK 200 200 
OK 0 2231 1 OK 200 200 
OK 0 2214 1 OK 200 200 
OK 0 2156 1 OK 200 200 
OK 0 2120 1 OK 200 200 3 
OK 0 1989 1 OK 200 200 
OK 0 2013 1 OK 200 200 
OK 0 1962 1 OK 200 200 
OK 0 1925 1 OK 200 200 
OK 0 1892 1 OK 200 200 
OK 0 1989 1 OK 200 200 
OK 0 1919 1 OK 200 200 
OK 0 1979 1 OK 200 200 
OK 0 1939 1 OK 200 200 
OK 0 2036 1 OK 200 200 
OK 0 2020 1 OK 200 200 
OK 0 2002 1 OK 200 200 
OK 0 1944 1 OK 200 200 
OK 0 1877 1 OK 200 200 
OK 0 1921 1 OK 200 200 
OK 0 1854 1 OK 200 200 
OK 0 1912 1 OK 200 200 
OK 0 1890 1 OK 200 200 
OK 0 1908 1 OK 200 200 
OK 0 1950 1 OK 200 200 
OK 0 1969 1 OK 200 200 
OK 0 2015 1 OK 200 200 
OK 0 2013 1 OK 200 200 
OK 0 2175 1 OK 200 200 
OK 0 2211 1 OK 200 200 
OK 0 2429 1 OK 200 200 
OK 0 2561 1 OK 208 200 
OK 0 2631 1 OK 207 200 
OK 0 2647 0 OK 206 200 
OK 0 2595 0 OK 200 200 
OK 0 2759 0 OK 200 200 
OK 0 2760 0 OK 200 200 
OK 0 2884 0 OK 200 200 
OK 0 2982 0 OK 200 200 
OK 0 3318 0 OK 200 200 
OK 0 3431 1 OK 200 200 
OK 0 4798 1 OK 238 200 
OK 0 7783 1 OK 277 200 
OK 0 11876 1 OK 308 200 
OK 0 8991 1 OK 162 200 
OK 0 5504 1 OK 142 200 
OK 0 4323 1 OK 186 200 
OK 0 4027 1 OK 203 200 
OK 0 4200 1 OK 212 200 
OK 0 4268 1 OK 210 200 
OK 0 4738 1 OK 220 200 
OK 0 5565 1 OK 229 200 
OK 0 6953 1 OK 243 200 
OK 0 9062 1 OK 262 200 
OK 0 11884 1 OK 283 200 
OK 0 13584 1 OK 264 200 
OK 0 12954 1 OK 216 200 
OK 0 11734 1 OK 202 200 
OK 0 11361 1 OK 218 200 
OK 0 11903 1 OK 237 200 
OK 0 12690 1 OK 244 200 
OK 0 13468 1 OK 245 200 
OK 0 14183 1 OK 246 200 
OK 0 14701 1 OK 243 200 
OK 0 15209 1 OK 244 200 
OK 0 15572 1 OK 242 200 
OK 0 15869 1 OK 241 200 
OK 0 16067 1 OK 240 200 
OK 0 16189 1 OK 238 200 
OK 0 16374 1 OK 240 200 
OK 0 16329 1 OK 235 200 
OK 0 16211 1 OK 234 200 
OK 0 15868 1 OK 228 200 
OK 0 15285 1 OK 222 200 
OK 0 14452 1 OK 215 200 
OK 0 13348 1 OK 207 200 
OK 0 11967 1 OK 199 200 
OK 0 10508 1 OK 194 200 
OK 0 9027 1 OK 190 200 
OK 0 7754 1 OK 191 200 
OK 0 6696 0 OK 193 200 
OK 0 5960 0 OK 200 200 
OK 0 5484 0 OK 200 200 
OK 0 5132 0 OK 200 200 
OK 0 4976 0 OK 200 200 
OK 0 4857 0 OK 200 200 
OK 0 4831 0 OK 200 200 
OK 0 4860 0 OK 200 200 
OK 0 4911 0 OK 200 200 
OK 0 4963 0 OK 200 200 
OK 0 4891 0 OK 200 200 
OK 0 4910 0 OK 200 200 
OK 0 4921 0 OK 200 200 
OK 0 4808 0 OK 200 200 
OK 0 4978 0 OK 200 200 
OK 0 4896 0 OK 200 200 
OK 0 4924 0 OK 200 200 
OK 0 4959 0 OK 200 200 
OK 0 4998 0 OK 200 151 
OK 0 5114 0 OK 200 151 
OK 0 5187 0 OK 200 151 
OK 0 5207 0 OK 200 151 
OK 0 5256 0 OK 200 151 
OK 0 5260 0 OK 200 151 
OK 0 5378 0 OK 200 151 
OK 0 5397 0 OK 200 151 
OK 0 5520 0 OK 200 151 
OK 0 5601 0 OK 200 151 
OK 0 5750 0 OK 200 151 
OK 0 5863 0 OK 200 151 
OK 1 6116 0 OK 200 151 
OK 1 6366 0 OK 200 151 
OK 1 6755 0 OK 200 151 
OK 1 7291 0 OK 200 151 
OK 1 8038 0 OK 200 151 
OK 1 9132 0 OK 200 151 
OK 1 10497 0 OK 200 151 
OK 1 12113 0 OK 200 151 
OK 1 13854 0 OK 200 151 
OK 1 15469 0 OK 200 151 
OK 1 16793 0 OK 200 151 
OK 1 17648 0 OK 200 151 
OK 1 18098 0 OK 200 151 
OK 1 18267 0 OK 200 151 
OK 1 18292 0 OK 200 151 
OK 1 18298 0 OK 200 151 
OK 1 18298 0 OK 200 151 
OK 1 18377 0 OK 200 151 
OK 1 18405 0 OK 200 151 
OK 1 18400 0 OK 200 151 
OK 1 18484 0 OK 200 151 
OK 1 18457 0 OK 200 151 
OK 1 18498 0 OK 200 151 
OK 1 18514 0 OK 200 151 
OK 1 18502 0 OK 200 151 
OK 1 18509 0 OK 200 151 
OK 1 18544 0 OK 200 151 
OK 0 18531 0 OK 200 151 
OK 0 18530 0 OK 200 151 
OK 0 18542 0 OK 200 151 
OK 0 18546 0 OK 200 151 
OK 0 18584 0 OK 200 151 
OK 0 18568 0 OK 200 151 
OK 0 18574 0 OK 200 151 
OK 0 18574 0 OK 200 151 
OK 0 18563 0 OK 200 151 
OK 0 18555 0 OK 200 151 
OK 0 18562 0 OK 200 151 
OK 0 18606 0 OK 200 151 
OK 0 18590 0 OK 200 151 
OK 0 18589 0 OK 200 151 
OK 0 18600 0 OK 200 151 
OK 0 18573 0 OK 200 151 
OK 0 18590 0 OK 200 151 
OK 0 18565 0 OK 200 151 
OK 0 18575 0 OK 200 151 
OK 0 18561 0 OK 200 151 
OK 0 18575 0 OK 200 151 
OK 0 18575 0 OK 200 151 
OK 0 18571 0 OK 200 151 
OK 0 18576 0 OK 200 151 
OK 0 18561 0 OK 200 151 
OK 0 18583 0 OK 200 151 
OK 0 18579 0 OK 200 151 
OK 0 18549 0 OK 200 151 
OK 0 18585 0 OK 200 151 
OK 0 18609 0 OK 200 151 
OK 0 18600 0 OK 200 151 
OK 0 18579 0 OK 200 151 
OK 0 18590 0 OK 200 151 
OK 0 18577 0 OK 200 151 
OK 0 18573 0 OK 200 151 
OK 0 18567 0 OK 200 151 
OK 0 18567 0 OK 200 151 
OK 0 18551 0 OK 200 151 
OK 0 18561 0 OK 200 151 
OK 0 18558 0 OK 200 151 
OK 0 18572 0 OK 200 151 
OK 0 18577 0 OK 200 151 
OK 0 18564 0 OK 200 151 
OK 0 18535 0 OK 200 151 
OK 0 18568 0 OK 200 151 
OK 0 18571 0 OK 200 151 
OK 0 18566 0 OK 200 151 
OK 0 18531 0 OK 200 151 
OK 0 18549 0 OK 200 151 
OK 0 18533 0 OK 200 151 
OK 0 18556 0 OK 200 151 
OK 0 18550 0 OK 200 151 
OK 0 18554 0 OK 200 151 
OK 0 18574 0 OK 200 151 
OK 0 18528 0 OK 200 151 
OK 0 18561 0 OK 200 151 
OK 0 18559 0 OK 200 151 
OK 0 18565 0 OK 200 151 
OK 0 18570 0 OK 200 151 
OK 0 18575 0 OK 200 151 
OK 0 18572 0 OK 200 151 
OK 0 18571 0 OK 200 151 
OK 0 18544 0 OK 200 151 
OK 0 18582 0 OK 200 151 
OK 0 18552 0 OK 200 151 
OK 0 18583 0 OK 200 151 
OK 0 18532 0 OK 200 151 
OK 0 18553 0 OK 200 151 
OK 0 18583 0 OK 200 151 
OK 0 18575 0 OK 200 151 
OK 0 18560 0 OK 200 151 
OK 0 18557 0 OK 200 151 
OK 0 18576 0 OK 200 151 
OK 0 18517 0 OK 200 151 
OK 0 18546 0 OK 200 151 
OK 0 18572 0 OK 200 151 
OK 0 18533 0 OK 200 151 
OK 0 18577 0 OK 200 151 
OK 0 18572 0 OK 200 151 
OK 0 18560 0 OK 200 151 
OK 0 18552 0 OK 200 151 
OK 0 18569 0 OK 200 151 
OK 0 18556 0 OK 200 151 
OK 0 18535 0 OK 200 151 
OK 0 18583 0 OK 200 151 
OK 0 18537 0 OK 200 151 
OK 0 18508 0 OK 200 151 
OK 0 18508 0 OK 200 151 
OK 0 18527 0 OK 200 151 
OK 0 18547 0 OK 200 151 
OK 0 18540 0 OK 200 151 
OK 0 18507 0 OK 200 151 
OK 0 18496 0 OK 200 151 
OK 0 18545 0 OK 200 151 
OK 0 18589 0 OK 200 151 
OK 0 18531 0 OK 200 151 
OK 0 18534 0 OK 200 151 
OK 0 18530 0 OK 200 151 
OK 0 18566 0 OK 200 151 
OK 0 18507 0 OK 200 151 
OK 0 18513 0 OK 200 151 
OK 0 18580 0 OK 200 151 
OK 0 18523 0 OK 200 151 
OK 0 18511 0 OK 200 151 
OK 0 18515 0 OK 200 151 
OK 0 18539 0 OK 200 151 
OK 0 18527 0 OK 200 151 
OK 0 18543 0 OK 200 151 
OK 0 18489 0 OK 200 151 
OK 0 18547 0 OK 200 151 
OK 0 18500 0 OK 200 151 
OK 0 18516 0 OK 200 151 
OK 0 18545 0 OK 200 151 
OK 0 18534 0 OK 200 151 
OK 0 18575 0 OK 200 151 
OK 0 18526 0 OK 200 151 
OK 0 18544 0 OK 200 151 
OK 0 18555 0 OK 200 151 
OK 0 18580 0 OK 200 151 
OK 0 18568 0 OK 200 151 
OK 0 18529 0 OK 200 151 
OK 0 18580 0 OK 200 151